---------------------------------
Diagnosis combinations
---------------------------------
(None)                                                           1
---------------------------------
=========================================
Directional imbalance by session
Sample: C:\Users\ste7e\source\repos\PHD2Insight\samples\PHD2_GuideLog_001.txt
-----------------------------------------
Session  RA East  RA West  RA Total  RA Imbal.  DEC North  DEC South  DEC Total  DEC Imbal.
-----------------------------------------
1        308      234       542       0.14          2        216       218       0.98
2        380      283       663       0.15          1        258       259       0.99
3        164      136       300       0.09         90         17       107       0.68
=========================================
=========================================
Directional imbalance by session
Sample: C:\Users\ste7e\source\repos\PHD2Insight\samples\PHD2_GuideLog_002.txt
-----------------------------------------
Session  RA East  RA West  RA Total  RA Imbal.  DEC North  DEC South  DEC Total  DEC Imbal.
-----------------------------------------
0        341      260       601       0.13          2        243       245       0.98
1        383      285       668       0.15          2        247       249       0.98
2        317      286       603       0.05        140         16       156       0.79
=========================================
=========================================
Directional imbalance by session
Sample: C:\Users\ste7e\source\repos\PHD2Insight\samples\PHD2_GuideLog_003.txt
-----------------------------------------
Session  RA East  RA West  RA Total  RA Imbal.  DEC North  DEC South  DEC Total  DEC Imbal.
-----------------------------------------
2        330      239       569       0.16          1        221       222       0.99
3        244      225       469       0.04          6        159       165       0.93
4        110       89       199       0.11         70          0        70       1.00
5        163      105       268       0.22         48          1        49       0.96
6         41       25        66       0.24          0          0         0       0.00
7         50       14        64       0.56          0          0         0       0.00
8         31       33        64       0.03         10          0        10       1.00
=========================================
=========================================
Directional imbalance by session
Sample: C:\Users\ste7e\source\repos\PHD2Insight\samples\Bad guiding\PHD2_GuideLog_2026-08-01_220106.txt
-----------------------------------------
Session  RA East  RA West  RA Total  RA Imbal.  DEC North  DEC South  DEC Total  DEC Imbal.
-----------------------------------------
2        330      239       569       0.16          1        221       222       0.99
3        244      225       469       0.04          6        159       165       0.93
4        110       89       199       0.11         70          0        70       1.00
5        163      105       268       0.22         48          1        49       0.96
6         41       25        66       0.24          0          0         0       0.00
7         50       14        64       0.56          0          0         0       0.00
8         31       33        64       0.03         10          0        10       1.00
=========================================
=========================================
Directional imbalance by session
Sample: C:\Users\ste7e\source\repos\PHD2Insight\samples\Good guiding\PHD2_GuideLog_003.txt
-----------------------------------------
Session  RA East  RA West  RA Total  RA Imbal.  DEC North  DEC South  DEC Total  DEC Imbal.
-----------------------------------------
0        440      161       601       0.46          7        273       280       0.95
1        416      189       605       0.38          1        295       296       0.99
2        336      269       605       0.11          6        293       299       0.96
3        183      154       337       0.09          3        131       134       0.96
=========================================
=========================================
Directional imbalance by session
Sample: C:\Users\ste7e\source\repos\PHD2Insight\samples\other samples\PHD2_GuideLog_2025-04-06_204502.txt
-----------------------------------------
Session  RA East  RA West  RA Total  RA Imbal.  DEC North  DEC South  DEC Total  DEC Imbal.
-----------------------------------------
1         74       62       136       0.09         40         56        96       0.17
7        173      145       318       0.09         85        117       202       0.16
8        400      373       773       0.03        120        204       324       0.26
9        475      377       852       0.12         89        177       266       0.33
10       115      129       244       0.06         28         69        97       0.42
11       232      312       544       0.15        149        109       258       0.16
12       243      465       708       0.31         61         38        99       0.23
=========================================
=========================================
Directional imbalance by session
Sample: C:\Users\ste7e\source\repos\PHD2Insight\samples\other samples\PHD2_GuideLog_2025-04-07_204301.txt
-----------------------------------------
Session  RA East  RA West  RA Total  RA Imbal.  DEC North  DEC South  DEC Total  DEC Imbal.
-----------------------------------------
0         66       99       165       0.20         42         29        71       0.18
5        201      166       367       0.10         79        107       186       0.15
6        370      352       722       0.02         75        162       237       0.37
7        114      112       226       0.01         16         44        60       0.47
=========================================
=========================================
Directional imbalance by session
Sample: C:\Users\ste7e\source\repos\PHD2Insight\samples\other samples\PHD2_GuideLog_2025-04-08_203931.txt
-----------------------------------------
Session  RA East  RA West  RA Total  RA Imbal.  DEC North  DEC South  DEC Total  DEC Imbal.
-----------------------------------------
0        185      199       384       0.04         94        115       209       0.10
3        148      370       518       0.43         53        103       156       0.32
5        161      358       519       0.38         34        172       206       0.67
6        178      371       549       0.35         30        189       219       0.73
7          6      370       376       0.97          0         14        14       1.00
8        115      216       331       0.31         16         99       115       0.72
9        149      199       348       0.14         13         68        81       0.68
=========================================
=========================================
Directional imbalance by session
Sample: C:\Users\ste7e\source\repos\PHD2Insight\samples\other samples\PHD2_GuideLog_2025-04-10_160607.txt
-----------------------------------------
Session  RA East  RA West  RA Total  RA Imbal.  DEC North  DEC South  DEC Total  DEC Imbal.
-----------------------------------------
7        436      390       826       0.06        125        241       366       0.32
8        178      178       356       0.00         21         89       110       0.62
9        663      584      1247       0.06         76        268       344       0.56
10       168      139       307       0.09         35         65       100       0.30
13        53      379       432       0.75         12          3        15       0.60
14       313      538       851       0.26         54        166       220       0.51
15        65      208       273       0.52         15         74        89       0.66
=========================================
=========================================
Directional imbalance by session
Sample: C:\Users\ste7e\source\repos\PHD2Insight\samples\other samples\PHD2_GuideLog_2025-05-05_214339.txt
-----------------------------------------
Session  RA East  RA West  RA Total  RA Imbal.  DEC North  DEC South  DEC Total  DEC Imbal.
-----------------------------------------
0         43       35        78       0.10          6         45        51       0.76
3         73       73       146       0.00         14         22        36       0.22
5        528      535      1063       0.01        189        191       380       0.01
6        487      475       962       0.01        147        245       392       0.25
7        423      449       872       0.03        155        265       420       0.26
=========================================
=========================================
Directional imbalance by session
Sample: C:\Users\ste7e\source\repos\PHD2Insight\samples\other samples\PHD2_GuideLog_2025-05-09_213353.txt
-----------------------------------------
Session  RA East  RA West  RA Total  RA Imbal.  DEC North  DEC South  DEC Total  DEC Imbal.
-----------------------------------------
0        494      196       690       0.43         73        251       324       0.55
1        564      362       926       0.22         24        321       345       0.86
2        337      228       565       0.19          8        212       220       0.93
=========================================
=========================================
Directional imbalance by session
Sample: C:\Users\ste7e\source\repos\PHD2Insight\samples\other samples\PHD2_GuideLog_2025-05-10_221817.txt
-----------------------------------------
Session  RA East  RA West  RA Total  RA Imbal.  DEC North  DEC South  DEC Total  DEC Imbal.
-----------------------------------------
0       1497      992      2489       0.20        243        434       677       0.28
1       1391     1118      2509       0.11        237        550       787       0.40
2       1405     1163      2568       0.09        198        547       745       0.47
3       1021      937      1958       0.04        129        378       507       0.49
=========================================
=========================================
Directional imbalance by session
Sample: C:\Users\ste7e\source\repos\PHD2Insight\samples\other samples\PHD2_GuideLog_2025-05-13_220330.txt
-----------------------------------------
Session  RA East  RA West  RA Total  RA Imbal.  DEC North  DEC South  DEC Total  DEC Imbal.
-----------------------------------------
0       1430      979      2409       0.19        481        529      1010       0.05
1       1557     1196      2753       0.13        454        573      1027       0.12
2       1628     1086      2714       0.20        284        471       755       0.25
3        719      664      1383       0.04        190        360       550       0.31
=========================================
=========================================
Directional imbalance by session
Sample: C:\Users\ste7e\source\repos\PHD2Insight\samples\other samples\PHD2_GuideLog_2025-05-14_220920.txt
-----------------------------------------
Session  RA East  RA West  RA Total  RA Imbal.  DEC North  DEC South  DEC Total  DEC Imbal.
-----------------------------------------
0       1687      974      2661       0.27        180        230       410       0.12
1       1515     1196      2711       0.12        383        574       957       0.20
2       1457     1252      2709       0.08        184        517       701       0.48
3        527      397       924       0.14         97        220       317       0.39
=========================================
=========================================
Directional imbalance by session
Sample: C:\Users\ste7e\source\repos\PHD2Insight\samples\other samples\PHD2_GuideLog_2025-05-16_221309.txt
-----------------------------------------
Session  RA East  RA West  RA Total  RA Imbal.  DEC North  DEC South  DEC Total  DEC Imbal.
-----------------------------------------
0       1403      933      2336       0.20        238        553       791       0.40
1       1493     1048      2541       0.18        131        369       500       0.48
2         26       56        82       0.37         20          1        21       0.90
3         74        5        79       0.87          0          4         4       1.00
4        511       28       539       0.90          4         10        14       0.43
5         79       12        91       0.74         16          0        16       1.00
6         46       46        92       0.00         42          0        42       1.00
7        130       21       151       0.72          0         96        96       1.00
8         36       87       123       0.41         87          0        87       1.00
9        665      883      1548       0.14          5        681       686       0.99
10        87       30       117       0.49         19          2        21       0.81
11        98        7       105       0.87          7          0         7       1.00
12       538      245       783       0.37        195          1       196       0.99
=========================================
=========================================
Directional imbalance by session
Sample: C:\Users\ste7e\source\repos\PHD2Insight\samples\other samples\PHD2_GuideLog_2025-05-17_221558.txt
-----------------------------------------
Session  RA East  RA West  RA Total  RA Imbal.  DEC North  DEC South  DEC Total  DEC Imbal.
-----------------------------------------
0        525      318       843       0.25        102        149       251       0.19
1       1057      654      1711       0.24        280        315       595       0.06
2       1586     1141      2727       0.16        251        445       696       0.28
3       1503     1217      2720       0.11        134        470       604       0.56
4        841      380      1221       0.38         65        231       296       0.56
=========================================
=========================================
Directional imbalance by session
Sample: C:\Users\ste7e\source\repos\PHD2Insight\samples\other samples\PHD2_GuideLog_2025-05-18_215644.txt
-----------------------------------------
Session  RA East  RA West  RA Total  RA Imbal.  DEC North  DEC South  DEC Total  DEC Imbal.
-----------------------------------------
0       1656      996      2652       0.25        216        266       482       0.10
1       1477     1256      2733       0.08        371        557       928       0.20
2       1524     1203      2727       0.12        125        335       460       0.46
3        579      332       911       0.27         26         41        67       0.22
=========================================
=========================================
Directional imbalance by session
Sample: C:\Users\ste7e\source\repos\PHD2Insight\samples\other samples\PHD2_GuideLog_2025-05-21_220843.txt
-----------------------------------------
Session  RA East  RA West  RA Total  RA Imbal.  DEC North  DEC South  DEC Total  DEC Imbal.
-----------------------------------------
0       1623     1008      2631       0.23        398        395       793       0.00
1       1612     1118      2730       0.18        243        385       628       0.23
2       1687     1023      2710       0.25        164        473       637       0.49
=========================================
=========================================
Directional imbalance by session
Sample: C:\Users\ste7e\source\repos\PHD2Insight\samples\other samples\PHD2_GuideLog_2025-05-30_223818.txt
-----------------------------------------
Session  RA East  RA West  RA Total  RA Imbal.  DEC North  DEC South  DEC Total  DEC Imbal.
-----------------------------------------
0        158       77       235       0.34         29         43        72       0.19
3       1620     1008      2628       0.23        353        486       839       0.16
4       1677     1044      2721       0.23        199        457       656       0.39
5        886      385      1271       0.39        110        268       378       0.42
=========================================
=========================================
Directional imbalance by session
Sample: C:\Users\ste7e\source\repos\PHD2Insight\samples\other samples\PHD2_GuideLog_2025-05-31_223653.txt
-----------------------------------------
Session  RA East  RA West  RA Total  RA Imbal.  DEC North  DEC South  DEC Total  DEC Imbal.
-----------------------------------------
0       1637     1053      2690       0.22        352        473       825       0.15
1       1608     1113      2721       0.18        240        515       755       0.36
2        987      775      1762       0.12        148        400       548       0.46
=========================================
=========================================
Directional imbalance by session
Sample: C:\Users\ste7e\source\repos\PHD2Insight\samples\other samples\PHD2_GuideLog_2025-06-01_222345.txt
-----------------------------------------
Session  RA East  RA West  RA Total  RA Imbal.  DEC North  DEC South  DEC Total  DEC Imbal.
-----------------------------------------
0       1777      905      2682       0.33        304        387       691       0.12
1       1744      998      2742       0.27        208        415       623       0.33
2       1413      929      2342       0.21        129        360       489       0.47
=========================================
=========================================
Directional imbalance by session
Sample: C:\Users\ste7e\source\repos\PHD2Insight\samples\other samples\PHD2_GuideLog_2025-06-17_223651.txt
-----------------------------------------
Session  RA East  RA West  RA Total  RA Imbal.  DEC North  DEC South  DEC Total  DEC Imbal.
-----------------------------------------
2         41       27        68       0.21          7         21        28       0.50
4        790     1218      2008       0.21        456        377       833       0.09
5       1137     1435      2572       0.12        347        432       779       0.11
6        633      891      1524       0.17        236        386       622       0.24
=========================================
=========================================
Directional imbalance by session
Sample: C:\Users\ste7e\source\repos\PHD2Insight\samples\other samples\PHD2_GuideLog_2025-06-18_220554.txt
-----------------------------------------
Session  RA East  RA West  RA Total  RA Imbal.  DEC North  DEC South  DEC Total  DEC Imbal.
-----------------------------------------
0       1750      932      2682       0.30        213        393       606       0.30
1       1783      924      2707       0.32        104        411       515       0.60
2        413      210       623       0.33         18        106       124       0.71
=========================================
=========================================
Directional imbalance by session
Sample: C:\Users\ste7e\source\repos\PHD2Insight\samples\other samples\PHD2_GuideLog_2025-06-20_225426.txt
-----------------------------------------
Session  RA East  RA West  RA Total  RA Imbal.  DEC North  DEC South  DEC Total  DEC Imbal.
-----------------------------------------
0       1617     1067      2684       0.20        328        474       802       0.18
1       1570     1154      2724       0.15        301        580       881       0.32
2        564      353       917       0.23         52        173       225       0.54
=========================================
=========================================
Directional imbalance by session
Sample: C:\Users\ste7e\source\repos\PHD2Insight\samples\other samples\PHD2_GuideLog_2025-08-05_174042.txt
-----------------------------------------
Session  RA East  RA West  RA Total  RA Imbal.  DEC North  DEC South  DEC Total  DEC Imbal.
-----------------------------------------
5        696      446      1142       0.22        168        321       489       0.31
6        953      917      1870       0.02        303        548       851       0.29
7       1006      858      1864       0.08        281        478       759       0.26
8        907      929      1836       0.01        254        463       717       0.29
9        894      998      1892       0.05        176        368       544       0.35
10       831      982      1813       0.08        215        394       609       0.29
11       422      651      1073       0.21        106        197       303       0.30
=========================================
=========================================
Directional imbalance by session
Sample: C:\Users\ste7e\source\repos\PHD2Insight\samples\other samples\PHD2_GuideLog_2025-08-09_215241.txt
-----------------------------------------
Session  RA East  RA West  RA Total  RA Imbal.  DEC North  DEC South  DEC Total  DEC Imbal.
-----------------------------------------
2         89       80       169       0.05         14         43        57       0.51
3         78       50       128       0.22          7         53        60       0.77
4         96       79       175       0.10         15         41        56       0.46
5         54        6        60       0.80          4         40        44       0.82
6        410      278       688       0.19         36        202       238       0.70
7        416      259       675       0.23         43        212       255       0.66
8        377      304       681       0.11         37        201       238       0.69
9        337      345       682       0.01         48        204       252       0.62
10       339      339       678       0.00         36        188       224       0.68
11       194      219       413       0.06         29        107       136       0.57
=========================================
=========================================
Directional imbalance by session
Sample: C:\Users\ste7e\source\repos\PHD2Insight\samples\other samples\PHD2_GuideLog_2025-08-12_210538.txt
-----------------------------------------
Session  RA East  RA West  RA Total  RA Imbal.  DEC North  DEC South  DEC Total  DEC Imbal.
-----------------------------------------
3         43       14        57       0.51         11         16        27       0.19
5        234      180       414       0.13        102        152       254       0.20
6        381      301       682       0.12        151        222       373       0.19
7        376      304       680       0.11        126        183       309       0.18
8        387      295       682       0.13        123        176       299       0.18
9        362      325       687       0.05        108        173       281       0.23
10       337      342       679       0.01        103        173       276       0.25
11       273      276       549       0.01         89        142       231       0.23
=========================================
=========================================
Directional imbalance by session
Sample: C:\Users\ste7e\source\repos\PHD2Insight\samples\other samples\PHD2_GuideLog_2025-08-15_211132.txt
-----------------------------------------
Session  RA East  RA West  RA Total  RA Imbal.  DEC North  DEC South  DEC Total  DEC Imbal.
-----------------------------------------
4        626      389      1015       0.23         87        244       331       0.47
5        607      421      1028       0.18        112        197       309       0.28
6        246      127       373       0.32         30         64        94       0.36
=========================================
=========================================
Directional imbalance by session
Sample: C:\Users\ste7e\source\repos\PHD2Insight\samples\other samples\PHD2_GuideLog_2025-08-16_220035.txt
-----------------------------------------
Session  RA East  RA West  RA Total  RA Imbal.  DEC North  DEC South  DEC Total  DEC Imbal.
-----------------------------------------
0        102      102       204       0.00          8         49        57       0.72
1         89       68       157       0.13         16         35        51       0.37
2        940      880      1820       0.03        165        273       438       0.25
3       1072      835      1907       0.12        194        275       469       0.17
4         52       30        82       0.27          4         10        14       0.43
=========================================
=========================================
Directional imbalance by session
Sample: C:\Users\ste7e\source\repos\PHD2Insight\samples\other samples\PHD2_GuideLog_2025-08-17_205936.txt
-----------------------------------------
Session  RA East  RA West  RA Total  RA Imbal.  DEC North  DEC South  DEC Total  DEC Imbal.
-----------------------------------------
1        208      146       354       0.18         76         92       168       0.10
2        264      192       456       0.16         80         97       177       0.10
3        691      461      1152       0.20        176        278       454       0.22
4        434      377       811       0.07         91        185       276       0.34
5         48      482       530       0.82         37        483       520       0.86
6         48       34        82       0.17         17         36        53       0.36
=========================================
=========================================
Directional imbalance by session
Sample: C:\Users\ste7e\source\repos\PHD2Insight\samples\other samples\PHD2_GuideLog_2025-09-08_202119.txt
-----------------------------------------
Session  RA East  RA West  RA Total  RA Imbal.  DEC North  DEC South  DEC Total  DEC Imbal.
-----------------------------------------
0        251      302       553       0.09         81        125       206       0.21
1         31       73       104       0.40         21         27        48       0.12
3        503      557      1060       0.05        178        276       454       0.22
4        666      562      1228       0.08        264         96       360       0.47
5        670      566      1236       0.08        224        148       372       0.20
6        656      574      1230       0.07        183        196       379       0.03
7        378      367       745       0.01        154        191       345       0.11
=========================================
=========================================
Directional imbalance by session
Sample: C:\Users\ste7e\source\repos\PHD2Insight\samples\other samples\PHD2_GuideLog_2025-09-21_194651.txt
-----------------------------------------
Session  RA East  RA West  RA Total  RA Imbal.  DEC North  DEC South  DEC Total  DEC Imbal.
-----------------------------------------
1       1579      878      2457       0.29        215        414       629       0.32
2       2020     1583      3603       0.12        341        562       903       0.24
3       2022     1611      3633       0.11        384        582       966       0.20
5         70        0        70       1.00          1         66        67       0.97
7       1462     1706      3168       0.08        521        327       848       0.23
8        635     1021      1656       0.23        216        144       360       0.20
9        711      804      1515       0.06        212        183       395       0.07
=========================================
=========================================
Directional imbalance by session
Sample: C:\Users\ste7e\source\repos\PHD2Insight\samples\other samples\PHD2_GuideLog_2025-09-22_125422.txt
-----------------------------------------
Session  RA East  RA West  RA Total  RA Imbal.  DEC North  DEC South  DEC Total  DEC Imbal.
-----------------------------------------
0       2013     1465      3478       0.16        316        528       844       0.25
1       2015     1463      3478       0.16        234        489       723       0.35
2       1948     1581      3529       0.10        223        471       694       0.36
4       1536     1938      3474       0.12        542        367       909       0.19
5       1467     1886      3353       0.12        395        312       707       0.12
6        910     1153      2063       0.12        146        191       337       0.13
7        185      207       392       0.06         15         20        35       0.14
8        279      420       699       0.20         67        101       168       0.20
9         37      147       184       0.60         28         37        65       0.14
=========================================
=========================================
Directional imbalance by session
Sample: C:\Users\ste7e\source\repos\PHD2Insight\samples\other samples\PHD2_GuideLog_2025-09-23_194146.txt
-----------------------------------------
Session  RA East  RA West  RA Total  RA Imbal.  DEC North  DEC South  DEC Total  DEC Imbal.
-----------------------------------------
1        164      189       353       0.07         31         62        93       0.33
2        134      237       371       0.28         38         62       100       0.24
3        219      154       373       0.17         47         71       118       0.20
4        201      143       344       0.17         51         71       122       0.16
5        171      171       342       0.00         65         81       146       0.11
6        192      176       368       0.04         64         75       139       0.08
7        205      159       364       0.13         51         73       124       0.18
8        183      179       362       0.01         77         97       174       0.11
9        177      181       358       0.01         63         80       143       0.12
11       167      195       362       0.08         56         87       143       0.22
13       238      191       429       0.11         37         69       106       0.30
14        95       73       168       0.13         22         36        58       0.24
15       251      237       488       0.03         66        108       174       0.24
16       175      170       345       0.01         61         81       142       0.14
17       374      390       764       0.02        119        180       299       0.20
18      1620     1716      3336       0.03        489        656      1145       0.15
=========================================
=========================================
Directional imbalance by session
Sample: C:\Users\ste7e\source\repos\PHD2Insight\samples\other samples\PHD2_GuideLog_2025-09-24_195914.txt
-----------------------------------------
Session  RA East  RA West  RA Total  RA Imbal.  DEC North  DEC South  DEC Total  DEC Imbal.
-----------------------------------------
0       1799     1587      3386       0.06        548        752      1300       0.16
1        191      178       369       0.04         46         78       124       0.26
2        210      175       385       0.09         60         80       140       0.14
3        201      178       379       0.06         60         79       139       0.14
4        238      140       378       0.26         44         69       113       0.22
5        214      170       384       0.11         57         70       127       0.10
6        209      182       391       0.07         39         63       102       0.24
7        226      163       389       0.16         58         85       143       0.19
8        218      160       378       0.15         66         86       152       0.13
9        225      160       385       0.17         59         81       140       0.16
11       186      178       364       0.02         45         69       114       0.21
12       172      213       385       0.11         54         76       130       0.17
13       199      187       386       0.03         33         65        98       0.33
14       163      218       381       0.14         42         65       107       0.21
15       187      199       386       0.03         42         65       107       0.21
16       209      183       392       0.07         39         63       102       0.24
17       191      192       383       0.00         46         62       108       0.15
18       207      179       386       0.07         37         67       104       0.29
20       153      208       361       0.15         63         49       112       0.12
21       176      212       388       0.09         54         35        89       0.21
22       156      230       386       0.19         51         37        88       0.16
23       148      232       380       0.22         60         42       102       0.18
24       160      211       371       0.14         69         46       115       0.20
25       175      198       373       0.06         74         62       136       0.09
26       192      179       371       0.04         60         48       108       0.11
27       179      201       380       0.06         63         47       110       0.15
28       173      210       383       0.10         57         42        99       0.15
30        96      187       283       0.32         46         30        76       0.21
31       170      210       380       0.11         65         58       123       0.06
32       147      233       380       0.23         53         44        97       0.09
33       166      220       386       0.14         44         24        68       0.29
34       169      205       374       0.10         59         53       112       0.05
35       168      217       385       0.13         52         43        95       0.09
36       105        2       107       0.96          0        103       103       1.00
38        79       95       174       0.09         48         37        85       0.13
40        96        1        97       0.98          0         94        94       1.00
42       171      202       373       0.08         58         53       111       0.05
43       178      203       381       0.07         55         61       116       0.05
44       182      203       385       0.05         57         56       113       0.01
45       168      214       382       0.12         58         53       111       0.05
47       167      194       361       0.07         48         50        98       0.02
48       189      189       378       0.00         63         64       127       0.01
49       193      207       400       0.04         47         45        92       0.02
50       163      210       373       0.13         73         90       163       0.10
51       160      214       374       0.14         65         78       143       0.09
53       153      189       342       0.11         62         68       130       0.05
=========================================
=========================================
Directional imbalance by session
Sample: C:\Users\ste7e\source\repos\PHD2Insight\samples\other samples\PHD2_GuideLog_2025-09-25_193645.txt
-----------------------------------------
Session  RA East  RA West  RA Total  RA Imbal.  DEC North  DEC South  DEC Total  DEC Imbal.
-----------------------------------------
0         29       34        63       0.08         11         25        36       0.39
1         47       65       112       0.16         21         28        49       0.14
2         51       67       118       0.14         24         31        55       0.13
3         67       51       118       0.14         21         28        49       0.14
4        157      155       312       0.01         55         67       122       0.10
5         72       47       119       0.21         23         27        50       0.08
6         80       38       118       0.36         17         24        41       0.17
7         60       62       122       0.02         19         32        51       0.25
8        220      159       379       0.16         72         89       161       0.11
9         59       57       116       0.02         29         28        57       0.02
10        57       51       108       0.06         30         31        61       0.02
12        50       33        83       0.20          8         31        39       0.59
15        29       34        63       0.08          9         13        22       0.18
16       113       93       206       0.10         40         47        87       0.08
17        35       28        63       0.11         11         20        31       0.29
19        31       25        56       0.11         11         21        32       0.31
20        30       23        53       0.13          7         13        20       0.30
21        88       67       155       0.14         20         40        60       0.33
22        38       25        63       0.21          9         17        26       0.31
23        35       28        63       0.11         10         14        24       0.17
24        32       31        63       0.02         14         12        26       0.08
25       107       99       206       0.04         36         54        90       0.20
26        34       29        63       0.08          8         16        24       0.33
27        28       35        63       0.11         15         20        35       0.14
28        42       21        63       0.33          8         14        22       0.27
29        79       83       162       0.02         22         42        64       0.31
30        35       28        63       0.11          9         16        25       0.28
31        39       24        63       0.24         10         15        25       0.20
32        34       30        64       0.06          8         17        25       0.36
33       109       96       205       0.06         33         48        81       0.19
34        34       28        62       0.10         13         22        35       0.26
35        30       33        63       0.05          8         15        23       0.30
36        34       29        63       0.08          9         15        24       0.25
38        55       61       116       0.05         12         24        36       0.33
39        38       23        61       0.25          8         15        23       0.30
40        26       35        61       0.15         11         15        26       0.15
41        30       23        53       0.13          7         17        24       0.42
43        97       99       196       0.01         54         37        91       0.19
44        33       29        62       0.06          9         10        19       0.05
45        25       38        63       0.21         14          5        19       0.47
46        34       28        62       0.10         14         13        27       0.04
47        80       81       161       0.01         39         25        64       0.22
48        24       38        62       0.23         15          8        23       0.30
49        38       24        62       0.23         18         14        32       0.12
50        29       34        63       0.08         17         12        29       0.17
51        92      111       203       0.09         58         42       100       0.16
52        42       20        62       0.35         15         12        27       0.11
53        22       41        63       0.30         18         12        30       0.20
54        41       21        62       0.32         12          9        21       0.14
55        92       70       162       0.14         40         26        66       0.21
56        27       34        61       0.11         15         13        28       0.07
57        41       23        64       0.28         12         12        24       0.00
58        30       34        64       0.06         16         12        28       0.14
59        74       49       123       0.20         28         26        54       0.04
60        44       31        75       0.17         20         15        35       0.14
61        29       34        63       0.08         13          9        22       0.18
62        27       36        63       0.14         15         14        29       0.03
63        27       35        62       0.13         13          7        20       0.30
64        72       91       163       0.12         40         33        73       0.10
65        33       28        61       0.08         15         12        27       0.11
66        24       39        63       0.24         11          8        19       0.16
67        33       31        64       0.03         15         11        26       0.15
68        98      105       203       0.03         46         35        81       0.14
69        42       21        63       0.33         18         16        34       0.06
70        27       35        62       0.13         15         13        28       0.07
71        28       35        63       0.11         14         13        27       0.04
72        86       78       164       0.05         34         33        67       0.01
73        30       33        63       0.05         14         12        26       0.08
74        29       34        63       0.08         13         12        25       0.04
75        36       28        64       0.12         17         16        33       0.03
76        95      107       202       0.06         51         56       107       0.05
77        36       26        62       0.16         19         17        36       0.06
78        31       31        62       0.00         21         20        41       0.02
80        25       35        60       0.17         16         18        34       0.06
81        77       84       161       0.04         38         33        71       0.07
82        31       30        61       0.02         16         17        33       0.03
83        30       32        62       0.03         13         10        23       0.13
84        33       31        64       0.03         13         18        31       0.16
85        98      105       203       0.03         50         50       100       0.00
86        32       31        63       0.02         12         17        29       0.17
87        35       27        62       0.13          9          7        16       0.12
88        21       41        62       0.32         15         19        34       0.12
89        75       90       165       0.09         25         35        60       0.17
90        36       27        63       0.14         10         12        22       0.09
91        21       41        62       0.32         10         13        23       0.13
92        35       28        63       0.11         10         15        25       0.20
93       112       92       204       0.10         48         39        87       0.10
94        33       29        62       0.06          6         13        19       0.37
95        36       25        61       0.18          9         10        19       0.05
96        35       27        62       0.13         15         17        32       0.06
97        66       59       125       0.06         24         31        55       0.13
99        27       36        63       0.14         17         13        30       0.13
100       35       28        63       0.11          9         16        25       0.28
101       27       36        63       0.14         11         20        31       0.29
102      104      101       205       0.01         46         50        96       0.04
103       31       31        62       0.00         18         20        38       0.05
104       32       30        62       0.03         12         14        26       0.08
105       33       30        63       0.05         13         12        25       0.04
106       85       80       165       0.03         28         29        57       0.02
107       31       32        63       0.02         12         19        31       0.23
=========================================
=========================================
Directional imbalance by session
Sample: C:\Users\ste7e\source\repos\PHD2Insight\samples\other samples\PHD2_GuideLog_2025-09-28_192920.txt
-----------------------------------------
Session  RA East  RA West  RA Total  RA Imbal.  DEC North  DEC South  DEC Total  DEC Imbal.
-----------------------------------------
1         97       85       182       0.07          1         34        35       0.94
2        108       92       200       0.08          2         23        25       0.84
3        116       86       202       0.15         12         37        49       0.51
4        110       88       198       0.11          9         35        44       0.59
5        105       97       202       0.04         16         39        55       0.42
6         89      111       200       0.11         10         38        48       0.58
7        125       75       200       0.25          6         31        37       0.68
8        104       95       199       0.05         13         37        50       0.48
9        101      100       201       0.00         11         28        39       0.44
10       116       84       200       0.16         15         37        52       0.42
11       114       88       202       0.13          7         31        38       0.63
13       108       91       199       0.09         41         22        63       0.30
14        94      107       201       0.06         33         16        49       0.35
15        82      115       197       0.17         34         18        52       0.31
16        89      109       198       0.10         40         20        60       0.33
17       103      101       204       0.01         35         24        59       0.19
18       103       96       199       0.04         50         23        73       0.37
19       107       92       199       0.08         37         24        61       0.21
20       111       89       200       0.11         43         42        85       0.01
21       108       93       201       0.07         41         23        64       0.28
23        87      109       196       0.11         36         17        53       0.36
24        93      109       202       0.08         34         24        58       0.17
25       102       98       200       0.02         34         19        53       0.28
26        92      107       199       0.08         32         21        53       0.21
27       103       97       200       0.03         34         24        58       0.17
28       103       98       201       0.02         39         31        70       0.11
29        94      107       201       0.06         31         26        57       0.09
30        92      105       197       0.07         23         13        36       0.28
31       103      100       203       0.01         31         26        57       0.09
33        97       95       192       0.01         22         25        47       0.06
34        88      112       200       0.12         30         27        57       0.05
35        83      116       199       0.17         27         30        57       0.05
36       112       82       194       0.15         29         25        54       0.07
37       103       98       201       0.02         27         31        58       0.07
38        83      114       197       0.16         22         23        45       0.02
39        86      111       197       0.13         22         35        57       0.23
40       101      100       201       0.00         26         28        54       0.04
41        94      107       201       0.06         33         36        69       0.04
43        85      107       192       0.11         20         30        50       0.20
44        89      113       202       0.12         30         35        65       0.08
45        95      104       199       0.05         25         37        62       0.19
46       104       98       202       0.03         34         39        73       0.07
47        94      109       203       0.07         30         38        68       0.12
48        96      103       199       0.04         21         37        58       0.28
49        97      105       202       0.04         21         33        54       0.22
50        96      102       198       0.03         26         37        63       0.17
51        98      103       201       0.02         19         37        56       0.32
53       100       92       192       0.04         17         28        45       0.24
54        98      103       201       0.02         27         44        71       0.24
55        98       99       197       0.01         32         38        70       0.09
56       100      101       201       0.00         29         48        77       0.25
57       104       96       200       0.04         30         44        74       0.19
58       106       92       198       0.07         30         40        70       0.14
=========================================
=========================================
Directional imbalance by session
Sample: C:\Users\ste7e\source\repos\PHD2Insight\samples\other samples\PHD2_GuideLog_2025-11-17_165448.txt
-----------------------------------------
Session  RA East  RA West  RA Total  RA Imbal.  DEC North  DEC South  DEC Total  DEC Imbal.
-----------------------------------------
1         96       96       192       0.00         13         27        40       0.35
2         99       96       195       0.02         15         34        49       0.39
3         97       99       196       0.01         16         37        53       0.40
5         87      103       190       0.08         33         20        53       0.25
6         87      107       194       0.10         34         28        62       0.10
7         96      103       199       0.04         47         34        81       0.16
8         88      110       198       0.11         41         30        71       0.15
9        104       93       197       0.06         47         33        80       0.17
10       100       96       196       0.02         36         28        64       0.12
11       101       94       195       0.04         36         24        60       0.20
12       101       93       194       0.04         42         36        78       0.08
13       102       93       195       0.05         49         41        90       0.09
15        92       95       187       0.02         36         32        68       0.06
16        92      107       199       0.08         41         30        71       0.15
17       102       93       195       0.05         29         27        56       0.04
18       100       98       198       0.01         37         31        68       0.09
19        94      104       198       0.05         26         23        49       0.06
20        94      104       198       0.05         44         39        83       0.06
21       100       98       198       0.01         37         32        69       0.07
22        90      107       197       0.09         36         38        74       0.03
23        85      109       194       0.12         22         26        48       0.08
25        84      110       194       0.13         43         36        79       0.09
26        98      101       199       0.02         40         36        76       0.05
27        97      100       197       0.02         39         43        82       0.05
28        97      101       198       0.02         34         42        76       0.11
29       101       95       196       0.03         34         34        68       0.00
30        56       51       107       0.05         23         29        52       0.12
31        93       95       188       0.01         23         27        50       0.08
=========================================
=========================================
Directional imbalance by session
Sample: C:\Users\ste7e\source\repos\PHD2Insight\samples\other samples\PHD2_GuideLog_2025-11-19_165047.txt
-----------------------------------------
Session  RA East  RA West  RA Total  RA Imbal.  DEC North  DEC South  DEC Total  DEC Imbal.
-----------------------------------------
1         86      103       189       0.09         19         37        56       0.32
2        100       97       197       0.02         12         26        38       0.37
4         92      111       203       0.09         36         34        70       0.03
5         95      106       201       0.05         48         32        80       0.20
6        101      101       202       0.00         46         36        82       0.12
7        101      101       202       0.00         42         32        74       0.14
8         88      114       202       0.13         52         52       104       0.00
9        103       97       200       0.03         43         43        86       0.00
10       103       96       199       0.04         38         31        69       0.10
11        98      105       203       0.03         44         34        78       0.13
12       107       94       201       0.06         41         41        82       0.00
14        86      116       202       0.15         45         48        93       0.03
15       102       99       201       0.01         35         34        69       0.01
16        95      108       203       0.06         40         37        77       0.04
17        96      106       202       0.05         44         45        89       0.01
18        96      106       202       0.05         40         39        79       0.01
19        92      109       201       0.08         43         52        95       0.09
20        86      116       202       0.15         43         49        92       0.07
21       100      100       200       0.00         44         47        91       0.03
22        95      106       201       0.05         47         54       101       0.07
24        87      110       197       0.12         38         49        87       0.13
25        97      105       202       0.04         42         54        96       0.12
26       108       93       201       0.07         39         47        86       0.09
27        97      101       198       0.02         47         46        93       0.01
28        96      106       202       0.05         40         51        91       0.12
29        95      106       201       0.05         43         55        98       0.12
30       111       88       199       0.12         51         58       109       0.06
31        93      108       201       0.07         50         48        98       0.02
32        86      115       201       0.14         50         52       102       0.02
34        89      111       200       0.11         55         63       118       0.07
35       103      101       204       0.01         57         61       118       0.03
36       101       99       200       0.01         36         46        82       0.12
37       100       99       199       0.01         45         47        92       0.02
38       114       89       203       0.12         53         53       106       0.00
39        99      101       200       0.01         54         62       116       0.07
40       100      103       203       0.01         50         62       112       0.11
41       105       97       202       0.04         57         70       127       0.10
42       101      102       203       0.00         64         67       131       0.02
44       102      102       204       0.00         49         53       102       0.04
45        95      105       200       0.05         55         62       117       0.06
46        97      106       203       0.04         59         67       126       0.06
47       110       93       203       0.08         48         56       104       0.08
48        98      100       198       0.01         47         57       104       0.10
49        86      112       198       0.13         50         53       103       0.03
50        99       99       198       0.00         63         63       126       0.00
51       102       99       201       0.01         43         52        95       0.09
52        24       28        52       0.08         10         17        27       0.26
55        90      106       196       0.08         36         45        81       0.11
56       111       91       202       0.10         42         47        89       0.06
57       110       92       202       0.09         37         40        77       0.04
58       114       88       202       0.13         42         43        85       0.01
59       108       94       202       0.07         48         47        95       0.01
60       101      100       201       0.00         36         44        80       0.10
61        93      108       201       0.07         46         46        92       0.00
62       111       93       204       0.09         28         35        63       0.11
63       110       91       201       0.09         28         33        61       0.08
65        94       99       193       0.03         39         49        88       0.11
66        98      105       203       0.03         39         47        86       0.09
67       100      102       202       0.01         37         48        85       0.13
68       109      106       215       0.01         22         30        52       0.15
69        97      104       201       0.03         45         50        95       0.05
70       103      100       203       0.01         47         50        97       0.03
71       102      101       203       0.00         43         51        94       0.09
72        98      105       203       0.03         43         50        93       0.08
73       104       98       202       0.03         32         47        79       0.19
75        94       99       193       0.03         35         44        79       0.11
=========================================
=========================================
Directional imbalance by session
Sample: C:\Users\ste7e\source\repos\PHD2Insight\samples\other samples\PHD2_GuideLog_2025-11-20_164951.txt
-----------------------------------------
Session  RA East  RA West  RA Total  RA Imbal.  DEC North  DEC South  DEC Total  DEC Imbal.
-----------------------------------------
3         93      107       200       0.07         42         37        79       0.06
4         92      103       195       0.06         39         29        68       0.15
5         87      112       199       0.13         58         44       102       0.14
6         87      114       201       0.13         44         35        79       0.11
7         92      109       201       0.08         48         36        84       0.14
8         89      112       201       0.11         39         37        76       0.03
9         91      108       199       0.09         31         25        56       0.11
11       107       98       205       0.04         34         37        71       0.04
13        90      103       193       0.07         47         43        90       0.04
14       101       92       193       0.05         27         25        52       0.04
16        88      112       200       0.12         50         42        92       0.09
17        96      104       200       0.04         42         45        87       0.03
18        85      115       200       0.15         44         40        84       0.05
19        99      103       202       0.02         45         48        93       0.03
21        90      123       213       0.15         37         38        75       0.01
22        27       27        54       0.00          3          9        12       0.50
27        96      102       198       0.03         49         48        97       0.01
28        95      104       199       0.05         36         43        79       0.09
29        87      112       199       0.13         37         45        82       0.10
30        97      105       202       0.04         34         40        74       0.08
31        92      109       201       0.08         41         50        91       0.10
32        93      107       200       0.07         49         55       104       0.06
34        97      105       202       0.04         39         41        80       0.03
35        83      116       199       0.17         55         55       110       0.00
36        96      105       201       0.04         43         48        91       0.05
37        97      102       199       0.03         34         46        80       0.15
38        86      114       200       0.14         36         47        83       0.13
39       103       97       200       0.03         47         51        98       0.04
40        98      103       201       0.02         39         51        90       0.13
41        99      101       200       0.01         44         60       104       0.15
42       104       97       201       0.03         43         57       100       0.14
44       100      100       200       0.00         48         54       102       0.06
45        92      108       200       0.08         45         60       105       0.14
46        88      113       201       0.12         52         62       114       0.09
47        97      104       201       0.03         48         67       115       0.17
48        98      104       202       0.03         63         61       124       0.02
49       102       97       199       0.03         46         55       101       0.09
50        98      103       201       0.02         41         49        90       0.09
51        98       99       197       0.01         47         58       105       0.10
52       100      102       202       0.01         46         51        97       0.05
54        89      109       198       0.10         40         54        94       0.15
55       102       98       200       0.02         56         60       116       0.03
58        89      100       189       0.06         24         50        74       0.35
59       104       95       199       0.05         22         32        54       0.19
60        91      104       195       0.07         24         26        50       0.04
61       108       89       197       0.10         21         29        50       0.16
62       106      107       213       0.00         23         27        50       0.08
63        98      103       201       0.02         28         42        70       0.20
64        88      114       202       0.13         25         36        61       0.18
66        95       95       190       0.00         21         40        61       0.31
67       110       91       201       0.09         31         38        69       0.10
68       101      100       201       0.00         32         40        72       0.11
69       115       85       200       0.15         31         34        65       0.05
70       106       92       198       0.07         28         44        72       0.22
71       101      100       201       0.00         36         42        78       0.08
72        97      102       199       0.03         24         40        64       0.25
73        95      102       197       0.04         29         41        70       0.17
74        91      106       197       0.08         27         43        70       0.23
76        90      104       194       0.07         34         51        85       0.20
77        97      101       198       0.02         34         39        73       0.07
78        97      102       199       0.03         32         41        73       0.12
79        98      105       203       0.03         39         44        83       0.06
80       107       94       201       0.06         32         45        77       0.17
81       100      101       201       0.00         34         54        88       0.23
82        98      102       200       0.02         26         40        66       0.21
83       100       98       198       0.01         28         37        65       0.14
84       103       97       200       0.03         40         53        93       0.14
86        90      108       198       0.09         39         58        97       0.20
87        97      104       201       0.03         36         48        84       0.14
88        97      103       200       0.03         31         37        68       0.09
=========================================
=========================================
Directional imbalance by session
Sample: C:\Users\ste7e\source\repos\PHD2Insight\samples\other samples\PHD2_GuideLog_2025-11-25_164525.txt
-----------------------------------------
Session  RA East  RA West  RA Total  RA Imbal.  DEC North  DEC South  DEC Total  DEC Imbal.
-----------------------------------------
1        836      895      1731       0.03        351        313       664       0.06
2        520      559      1079       0.04        230        233       463       0.01
4        337      383       720       0.06         91        138       229       0.21
5        257      317       574       0.10         61         96       157       0.22
6         53       37        90       0.18         13         14        27       0.04
11       185      156       341       0.09         22        125       147       0.70
12        45       55       100       0.10         11         39        50       0.56
13        73       61       134       0.09         11         50        61       0.64
14        53       31        84       0.26          9         30        39       0.54
=========================================
=========================================
Directional imbalance by session
Sample: C:\Users\ste7e\source\repos\PHD2Insight\samples\other samples\PHD2_GuideLog_2025-12-26_163414.txt
-----------------------------------------
Session  RA East  RA West  RA Total  RA Imbal.  DEC North  DEC South  DEC Total  DEC Imbal.
-----------------------------------------
2         51       63       114       0.11         16         24        40       0.20
3         64       57       121       0.06         19         27        46       0.17
4         89       76       165       0.08         33         41        74       0.11
14       201      176       377       0.07         85         90       175       0.03
15        45       67       112       0.20         24         29        53       0.09
16        65       54       119       0.09         25         30        55       0.09
17        58       59       117       0.01         22         21        43       0.02
18        40       38        78       0.03         17         26        43       0.21
19       148      149       297       0.00         52         59       111       0.06
20        50       61       111       0.10         28         25        53       0.06
21        67       49       116       0.16         15         19        34       0.12
22        59       61       120       0.02         13         19        32       0.19
23       191      184       375       0.02         66         76       142       0.07
24        62       56       118       0.05         25         29        54       0.07
25        56       57       113       0.01         16         24        40       0.20
28       115      122       237       0.03         69         82       151       0.09
29        40       28        68       0.18         27         17        44       0.23
30       110       92       202       0.09         62         70       132       0.06
31       110       94       204       0.08         64         61       125       0.02
32       109       93       202       0.08         69         71       140       0.01
33       115       87       202       0.14         56         52       108       0.04
35       103       99       202       0.02         58         50       108       0.07
36        99      101       200       0.01         50         63       113       0.12
37        68       38       106       0.28         34         36        70       0.03
38        57       45       102       0.12         33         34        67       0.01
39        59       42       101       0.17         21         26        47       0.11
40        60       41       101       0.19         25         38        63       0.21
41        58       43       101       0.15         29         24        53       0.09
42        59       44       103       0.15         20         50        70       0.43
43        90       72       162       0.11         38         45        83       0.08
49        53       48       101       0.05         19         23        42       0.10
50        58       43       101       0.15         14         26        40       0.30
51        60       40       100       0.20         22         30        52       0.15
52        50       51       101       0.01         12         28        40       0.40
53        55       47       102       0.08         17         23        40       0.15
54        53       48       101       0.05         15         24        39       0.23
55        54       48       102       0.06         17         34        51       0.33
56        65       38       103       0.26          8         10        18       0.11
57        57       43       100       0.14         19         26        45       0.16
58        58       43       101       0.15         13         19        32       0.19
60        63       38       101       0.25         26         14        40       0.30
61        52       48       100       0.04         26         28        54       0.04
62        64       39       103       0.24         27         25        52       0.04
63        59       42       101       0.17         30         24        54       0.11
64        58       44       102       0.14         25         23        48       0.04
65        59       42       101       0.17         33         27        60       0.10
66        55       46       101       0.09         29         29        58       0.00
67        69       33       102       0.35         36         37        73       0.01
68        67       35       102       0.31         22         26        48       0.08
70        52       48       100       0.04         27         33        60       0.10
71        55       47       102       0.08         27         32        59       0.08
72        58       43       101       0.15         24         28        52       0.08
73        53       50       103       0.03         31         32        63       0.02
74        61       40       101       0.21         33         31        64       0.03
75        58       42       100       0.16         27         33        60       0.10
76        51       51       102       0.00         28         33        61       0.08
84        37       45        82       0.10          9         19        28       0.36
88        59       44       103       0.15         20         29        49       0.18
92        46       37        83       0.11         17         19        36       0.06
96        57       45       102       0.12          8         20        28       0.43
102       47       35        82       0.15         22         25        47       0.06
106       55       47       102       0.08         20         28        48       0.17
110       41       41        82       0.00         22         22        44       0.00
114       54       48       102       0.06         18         25        43       0.16
=========================================
=========================================
Directional imbalance by session
Sample: C:\Users\ste7e\source\repos\PHD2Insight\samples\other samples\PHD2_GuideLog_2026-01-03_171303.txt
-----------------------------------------
Session  RA East  RA West  RA Total  RA Imbal.  DEC North  DEC South  DEC Total  DEC Imbal.
-----------------------------------------
4         53       51       104       0.02          9         21        30       0.40
8         30       32        62       0.03          6         13        19       0.37
13        53       51       104       0.02          9         23        32       0.44
17        34       30        64       0.06          5         13        18       0.44
65        64       39       103       0.24         21         36        57       0.26
66        66       34       100       0.32         24         25        49       0.02
67        60       39        99       0.21         24         30        54       0.11
68        64       38       102       0.25         22         37        59       0.25
69        65       37       102       0.27         24         25        49       0.02
71        64       37       101       0.27         23         26        49       0.06
72        62       40       102       0.22         30         34        64       0.06
73        60       41       101       0.19         22         32        54       0.19
74        57       43       100       0.14         24         28        52       0.08
78        68       30        98       0.39         22         30        52       0.15
79       116       89       205       0.13         50         59       109       0.08
80        53       33        86       0.23         14         21        35       0.20
82       152      117       269       0.13         44         48        92       0.04
83       710      571      1281       0.11        282        298       580       0.03
84       587      445      1032       0.14        306        339       645       0.05
86       156      121       277       0.13         44         71       115       0.23
88       208      180       388       0.07         72         95       167       0.14
89        41       32        73       0.12         14         25        39       0.28
=========================================
=========================================
Directional imbalance by session
Sample: C:\Users\ste7e\source\repos\PHD2Insight\samples\other samples\PHD2_GuideLog_2026-03-17_185229.txt
-----------------------------------------
Session  RA East  RA West  RA Total  RA Imbal.  DEC North  DEC South  DEC Total  DEC Imbal.
-----------------------------------------
1        176       89       265       0.33         59         49       108       0.09
2         35       22        57       0.23          8         11        19       0.16
5        194      120       314       0.24         45         86       131       0.31
6        186      128       314       0.18         50         84       134       0.25
8         71       50       121       0.17         13         28        41       0.37
9         56       24        80       0.40         14         24        38       0.26
11        96       63       159       0.21         44         34        78       0.13
13        38       17        55       0.38          7         13        20       0.30
14        50       23        73       0.37          9         18        27       0.33
15       203      117       320       0.27         59         81       140       0.16
16        48       33        81       0.19         14         20        34       0.18
17        40       22        62       0.29         17         19        36       0.06
=========================================
=========================================
Directional imbalance by session
Sample: C:\Users\ste7e\source\repos\PHD2Insight\samples\other samples\PHD2_GuideLog_2026-03-18_185422.txt
-----------------------------------------
Session  RA East  RA West  RA Total  RA Imbal.  DEC North  DEC South  DEC Total  DEC Imbal.
-----------------------------------------
0         82       43       125       0.31         34         27        61       0.11
2         94       59       153       0.23         23         39        62       0.26
3         66       58       124       0.06         25         37        62       0.19
4        377      301       678       0.11        111        148       259       0.14
5         50       39        89       0.12         11         17        28       0.21
6        161      141       302       0.07         83         99       182       0.09
7        611      563      1174       0.04        236        293       529       0.11
8        345      285       630       0.10        103        126       229       0.10
9         42       65       107       0.21         36         19        55       0.31
10       313      262       575       0.09        158        147       305       0.04
11       321       66       387       0.66        349          0       349       1.00
14       517       53       570       0.81          3        438       441       0.99
17       111       96       207       0.07         52         55       107       0.03
18        92      110       202       0.09         80          0        80       1.00
19        75      105       180       0.17        112          8       120       0.87
20        32       29        61       0.05         15          7        22       0.36
22        66       33        99       0.33          2         60        62       0.94
23       104       90       194       0.07         55         64       119       0.08
=========================================
=========================================
Directional imbalance by session
Sample: C:\Users\ste7e\source\repos\PHD2Insight\samples\other samples\PHD2_GuideLog_2026-04-06_203243.txt
-----------------------------------------
Session  RA East  RA West  RA Total  RA Imbal.  DEC North  DEC South  DEC Total  DEC Imbal.
-----------------------------------------
2         81      111       192       0.16         79          0        79       1.00
4        193      159       352       0.10         74        115       189       0.22
5         44      156       200       0.56        138          0       138       1.00
9         11       71        82       0.73          0         44        44       1.00
15        58       54       112       0.04         16         24        40       0.20
20        14       40        54       0.48          3          7        10       0.40
21         5       50        55       0.82          0         34        34       1.00
22        40       19        59       0.36         32          3        35       0.83
30        13       44        57       0.54          0         40        40       1.00
36        27       28        55       0.02         11          2        13       0.69
41        44       44        88       0.00          8         18        26       0.38
53        27       29        56       0.04         16         18        34       0.06
57        82       55       137       0.20         28         30        58       0.03
61        28       83       111       0.50         79         19        98       0.61
66        30       34        64       0.06         21         20        41       0.02
73         9       43        52       0.65         38          4        42       0.81
79        83       56       139       0.19         20         34        54       0.26
84        38       19        57       0.33          0         34        34       1.00
90        93       41       134       0.39          0        105       105       1.00
94        45       46        91       0.01          0         71        71       1.00
=========================================
=========================================
Directional imbalance by session
Sample: C:\Users\ste7e\source\repos\PHD2Insight\samples\other samples\PHD2_GuideLog_2026-04-08_203059.txt
-----------------------------------------
Session  RA East  RA West  RA Total  RA Imbal.  DEC North  DEC South  DEC Total  DEC Imbal.
-----------------------------------------
9         63      200       263       0.52         18         54        72       0.50
12       239      136       375       0.27         25        174       199       0.75
13       404      317       721       0.12         32        338       370       0.83
14        65       64       129       0.01          6         75        81       0.85
15        21       42        63       0.33          0         40        40       1.00
17        58       67       125       0.07          2         60        62       0.94
18        88      113       201       0.12         12        104       116       0.79
23        14       84        98       0.71         54          0        54       1.00
25        35       41        76       0.08          0         50        50       1.00
26        15       39        54       0.44          3          0         3       1.00
28        30       21        51       0.18         30          0        30       1.00
=========================================
=========================================
Directional imbalance by session
Sample: C:\Users\ste7e\source\repos\PHD2Insight\samples\other samples\PHD2_GuideLog_2026-04-12_204600.txt
-----------------------------------------
Session  RA East  RA West  RA Total  RA Imbal.  DEC North  DEC South  DEC Total  DEC Imbal.
-----------------------------------------
2         24       42        66       0.27          4          3         7       0.14
3         36       38        74       0.03          1         52        53       0.96
4        241      215       456       0.06         18        252       270       0.87
5         46       30        76       0.21          3         36        39       0.85
6        401      295       696       0.15        374         28       402       0.86
7        146      155       301       0.03        142         52       194       0.46
8         69       58       127       0.09         39          7        46       0.70
9         75       52       127       0.18         49         16        65       0.51
10        69       75       144       0.04         57         18        75       0.52
11       104       94       198       0.05         71         40       111       0.28
12        53       43        96       0.10         28         21        49       0.14
=========================================
=========================================
Directional imbalance by session
Sample: C:\Users\ste7e\source\repos\PHD2Insight\samples\other samples\PHD2_GuideLog_2026-04-24_212911.txt
-----------------------------------------
Session  RA East  RA West  RA Total  RA Imbal.  DEC North  DEC South  DEC Total  DEC Imbal.
-----------------------------------------
0        181      150       331       0.09         12        147       159       0.85
1        128      136       264       0.03         25        106       131       0.62
2         38       34        72       0.06         11         37        48       0.54
3        225      202       427       0.05         24        207       231       0.79
4         49       44        93       0.05          9         42        51       0.65
5        496      540      1036       0.04        437         48       485       0.80
6         55       73       128       0.14         39          3        42       0.86
7         53       76       129       0.18         45         13        58       0.55
8        226      263       489       0.08        142         21       163       0.74
9        151      132       283       0.07         77         23       100       0.54
=========================================
=========================================
Directional imbalance by session
Sample: C:\Users\ste7e\source\repos\PHD2Insight\samples\other samples\PHD2_GuideLog_2026-04-25_142446.txt
-----------------------------------------
Session  RA East  RA West  RA Total  RA Imbal.  DEC North  DEC South  DEC Total  DEC Imbal.
-----------------------------------------
2         25       27        52       0.04          1         49        50       0.96
3         70       73       143       0.02         33         60        93       0.29
4        110      108       218       0.01         23        120       143       0.68
5        158      152       310       0.02         39        170       209       0.63
6         68       75       143       0.05         10         69        79       0.75
=========================================
=========================================
Directional imbalance by session
Sample: C:\Users\ste7e\source\repos\PHD2Insight\samples\other samples\PHD2_GuideLog_2026-04-28_214452.txt
-----------------------------------------
Session  RA East  RA West  RA Total  RA Imbal.  DEC North  DEC South  DEC Total  DEC Imbal.
-----------------------------------------
0         80       80       160       0.00         16         90       106       0.70
1        163      190       353       0.08         44        133       177       0.50
2        365      323       688       0.06        218         35       253       0.72
3        363      339       702       0.03        208        117       325       0.28
4        186      134       320       0.16         97         80       177       0.10
=========================================
=========================================
Directional imbalance by session
Sample: C:\Users\ste7e\source\repos\PHD2Insight\samples\other samples\PHD2_GuideLog_2026-04-29_130021.txt
-----------------------------------------
Session  RA East  RA West  RA Total  RA Imbal.  DEC North  DEC South  DEC Total  DEC Imbal.
-----------------------------------------
0         84       69       153       0.10         27         73       100       0.46
1        119       97       216       0.10         21        103       124       0.66
2        272      223       495       0.10        241         23       264       0.83
3        224      164       388       0.15        154         38       192       0.60
4         31       70       101       0.39         18          0        18       1.00
6         51       28        79       0.29         25         10        35       0.43
7         62       47       109       0.14         33          7        40       0.65
=========================================
=========================================
Directional imbalance by session
Sample: C:\Users\ste7e\source\repos\PHD2Insight\samples\other samples\PHD2_GuideLog_2026-04-30_164805.txt
-----------------------------------------
Session  RA East  RA West  RA Total  RA Imbal.  DEC North  DEC South  DEC Total  DEC Imbal.
-----------------------------------------
5        276      222       498       0.11        315         29       344       0.83
6         33       34        67       0.01         33          0        33       1.00
8         36       24        60       0.20         25          2        27       0.85
10        36       17        53       0.36         27          1        28       0.93
11        32       30        62       0.03         45          4        49       0.84
12        39       28        67       0.16         42          5        47       0.79
13        78       37       115       0.36         54          9        63       0.71
=========================================
=========================================
Directional imbalance by session
Sample: C:\Users\ste7e\source\repos\PHD2Insight\samples\other samples\PHD2_GuideLog_2026-05-23_213356.txt
-----------------------------------------
Session  RA East  RA West  RA Total  RA Imbal.  DEC North  DEC South  DEC Total  DEC Imbal.
-----------------------------------------
4        370      252       622       0.19         18        293       311       0.88
5        133      109       242       0.10         25         85       110       0.55
6        228      116       344       0.33        253          5       258       0.96
7        355      125       480       0.48        322          4       326       0.98
=========================================
=========================================
Directional imbalance by session
Sample: C:\Users\ste7e\source\repos\PHD2Insight\samples\other samples\PHD2_GuideLog_2026-05-28_222616.txt
-----------------------------------------
Session  RA East  RA West  RA Total  RA Imbal.  DEC North  DEC South  DEC Total  DEC Imbal.
-----------------------------------------
9        322      184       506       0.27         42         80       122       0.31
10       123       46       169       0.46         16         17        33       0.03
12       243       71       314       0.55        229          0       229       1.00
15       271      267       538       0.01         44         33        77       0.14
=========================================
=========================================
Directional imbalance by session
Sample: C:\Users\ste7e\source\repos\PHD2Insight\samples\other samples\PHD2_GuideLog_2026-07-07_221637.txt
-----------------------------------------
Session  RA East  RA West  RA Total  RA Imbal.  DEC North  DEC South  DEC Total  DEC Imbal.
-----------------------------------------
2        499      593      1092       0.09          9        198       207       0.91
3        356      366       722       0.01          8        204       212       0.92
7         24       79       103       0.53          3          4         7       0.14
=========================================
=========================================
Directional imbalance by session
Sample: C:\Users\ste7e\source\repos\PHD2Insight\samples\other samples\PHD2_GuideLog_2026-07-08_114340.txt
-----------------------------------------
Session  RA East  RA West  RA Total  RA Imbal.  DEC North  DEC South  DEC Total  DEC Imbal.
-----------------------------------------
0        631      550      1181       0.07         40        246       286       0.72
1        804      650      1454       0.11         55        294       349       0.68
2        381      427       808       0.06        171         76       247       0.38
=========================================
=========================================
Directional imbalance by session
Sample: C:\Users\ste7e\source\repos\PHD2Insight\samples\other samples\PHD2_GuideLog_2026-07-09_100852.txt
-----------------------------------------
Session  RA East  RA West  RA Total  RA Imbal.  DEC North  DEC South  DEC Total  DEC Imbal.
-----------------------------------------
1        308      234       542       0.14          2        216       218       0.98
2        380      283       663       0.15          1        258       259       0.99
3        164      136       300       0.09         90         17       107       0.68
=========================================
=========================================
Directional imbalance by session
Sample: C:\Users\ste7e\source\repos\PHD2Insight\samples\other samples\PHD2_GuideLog_2026-07-10_222119.txt
-----------------------------------------
Session  RA East  RA West  RA Total  RA Imbal.  DEC North  DEC South  DEC Total  DEC Imbal.
-----------------------------------------
0        313      289       602       0.04          2        227       229       0.98
1        454      351       805       0.13          4        297       301       0.97
2        247      219       466       0.06        130         31       161       0.61
=========================================
=========================================
Directional imbalance by session
Sample: C:\Users\ste7e\source\repos\PHD2Insight\samples\other samples\PHD2_GuideLog_2026-07-11_222627.txt
-----------------------------------------
Session  RA East  RA West  RA Total  RA Imbal.  DEC North  DEC South  DEC Total  DEC Imbal.
-----------------------------------------
0        243      226       469       0.04          1        195       196       0.99
1         38       24        62       0.23          0          0         0       0.00
2         38       20        58       0.31          0          0         0       0.00
3         30       26        56       0.07          0          0         0       0.00
4         46       14        60       0.53          0          0         0       0.00
5         52       11        63       0.65          0          0         0       0.00
6         60        5        65       0.85          0          0         0       0.00
7        122      109       231       0.06        169          0       169       1.00
8        206      200       406       0.01        117         26       143       0.64
=========================================
=========================================
Directional imbalance by session
Sample: C:\Users\ste7e\source\repos\PHD2Insight\samples\other samples\PHD2_GuideLog_2026-07-12_222356.txt
-----------------------------------------
Session  RA East  RA West  RA Total  RA Imbal.  DEC North  DEC South  DEC Total  DEC Imbal.
-----------------------------------------
0        247      214       461       0.07          0        200       200       1.00
1         67       67       134       0.00          1         56        57       0.96
2        349      314       663       0.05          1        251       252       0.99
3        273      264       537       0.02        153         63       216       0.42
=========================================
=========================================
Directional imbalance by session
Sample: C:\Users\ste7e\source\repos\PHD2Insight\samples\other samples\PHD2_GuideLog_2026-07-13_223138.txt
-----------------------------------------
Session  RA East  RA West  RA Total  RA Imbal.  DEC North  DEC South  DEC Total  DEC Imbal.
-----------------------------------------
1        297      235       532       0.12          1        211       212       0.99
2        369      299       668       0.10          5        228       233       0.96
3        262      270       532       0.02        166         60       226       0.47
=========================================
=========================================
Directional imbalance by session
Sample: C:\Users\ste7e\source\repos\PHD2Insight\samples\other samples\PHD2_GuideLog_2026-07-16_224506.txt
-----------------------------------------
Session  RA East  RA West  RA Total  RA Imbal.  DEC North  DEC South  DEC Total  DEC Imbal.
-----------------------------------------
0        331      269       600       0.10          6        218       224       0.95
1        302      205       507       0.19          1        189       190       0.99
=========================================
=========================================
Directional imbalance by session
Sample: C:\Users\ste7e\source\repos\PHD2Insight\samples\other samples\PHD2_GuideLog_2026-07-17_223942.txt
-----------------------------------------
Session  RA East  RA West  RA Total  RA Imbal.  DEC North  DEC South  DEC Total  DEC Imbal.
-----------------------------------------
0        342      265       607       0.13          4        255       259       0.97
1        428      380       808       0.06          5        282       287       0.97
2        256      209       465       0.10        121          9       130       0.86
=========================================
=========================================
Directional imbalance by session
Sample: C:\Users\ste7e\source\repos\PHD2Insight\samples\other samples\PHD2_GuideLog_2026-07-19_232122.txt
-----------------------------------------
Session  RA East  RA West  RA Total  RA Imbal.  DEC North  DEC South  DEC Total  DEC Imbal.
-----------------------------------------
0        239      187       426       0.12          2        185       187       0.98
1        107       14       121       0.77          0          0         0       0.00
2        249      181       430       0.16          0        157       157       1.00
3        259      221       480       0.08        125          9       134       0.87
=========================================
=========================================
Directional imbalance by session
Sample: C:\Users\ste7e\source\repos\PHD2Insight\samples\other samples\PHD2_GuideLog_2026-07-20_221838.txt
-----------------------------------------
Session  RA East  RA West  RA Total  RA Imbal.  DEC North  DEC South  DEC Total  DEC Imbal.
-----------------------------------------
0        341      260       601       0.13          2        243       245       0.98
1        383      285       668       0.15          2        247       249       0.98
2        317      286       603       0.05        140         16       156       0.79
=========================================
=========================================
Directional imbalance by session
Sample: C:\Users\ste7e\source\repos\PHD2Insight\samples\other samples\PHD2_GuideLog_2026-07-24_221142.txt
-----------------------------------------
Session  RA East  RA West  RA Total  RA Imbal.  DEC North  DEC South  DEC Total  DEC Imbal.
-----------------------------------------
0        456      151       607       0.50          4        263       267       0.97
1        438      171       609       0.44          2        288       290       0.99
2        273      130       403       0.35          1        174       175       0.99
3        178       24       202       0.76         63          0        63       1.00
4         40       29        69       0.16          0          0         0       0.00
5         86       52       138       0.25          1         68        69       0.97
6         31       37        68       0.09          0         32        32       1.00
=========================================
=========================================
Directional imbalance by session
Sample: C:\Users\ste7e\source\repos\PHD2Insight\samples\other samples\Good guiding\PHD2_GuideLog_2026-07-30_222820.txt
-----------------------------------------
Session  RA East  RA West  RA Total  RA Imbal.  DEC North  DEC South  DEC Total  DEC Imbal.
-----------------------------------------
0        440      161       601       0.46          7        273       280       0.95
1        416      189       605       0.38          1        295       296       0.99
2        336      269       605       0.11          6        293       299       0.96
3        183      154       337       0.09          3        131       134       0.96
=========================================
